% -------------------------------------------------------------------
%  Generated by MATLAB on 15-Nov-2020 09:21:38
%  MATLAB version: 9.6.0.1072779 (R2019a)
% -------------------------------------------------------------------
                                 

ans = 'hello world';

